29 35 34
35 29 28
47 42 45
42 47 40
0 57 56
57 0 1
1 0 37
58 57 1
58 1 2
2 1 36
54 9 8
9 54 53
3 59 58
59 3 4
2 3 58
3 2 36
3 48 4
48 3 36
18 37 17
37 18 19
59 5 60
5 59 4
5 4 48
40 50 49
50 40 51
60 5 6
6 5 55
42 40 39
6 61 60
61 6 7
7 6 54
37 0 17
7 8 61
8 7 54
62 61 8
62 8 9
38 29 30
29 38 21
62 10 11
10 62 9
10 9 53
35 28 22
62 11 63
11 10 53
29 21 28
63 11 12
12 11 52
20 38 19
38 20 21
63 13 64
13 63 12
13 12 52
64 13 14
14 13 45
38 30 31
64 14 15
15 14 45
1 37 36
15 16 64
16 15 45
64 16 67
28 21 27
17 0 56
30 32 31
32 30 33
18 17 56
19 56 65
56 19 18
22 28 27
19 65 20
33 30 29
21 65 66
65 21 20
29 34 33
66 22 27
22 66 23
23 25 35
25 23 24
66 27 21
16 44 26
44 16 45
22 23 35
67 16 26
24 23 66
25 24 67
25 26 44
26 25 67
19 38 37
42 33 43
33 42 39
55 5 48
52 53 51
53 52 11
40 37 38
37 40 41
33 39 32
38 39 40
39 38 31
37 41 36
13 52 46
31 32 39
43 33 34
44 35 25
35 44 43
43 34 35
45 43 44
43 45 42
54 6 55
47 51 40
51 47 52
49 41 40
41 49 48
55 50 54
50 55 49
36 41 48
13 46 45
45 46 47
47 46 52
49 55 48
50 51 53
50 53 54
24 66 67