4.600000000000000000e+01 1.820000000000000000e+02 1.000000000000000000e+00
6.300000000000000000e+01 2.320000000000000000e+02 1.000000000000000000e+00
6.800000000000000000e+01 2.870000000000000000e+02 1.000000000000000000e+00
7.800000000000000000e+01 3.400000000000000000e+02 1.000000000000000000e+00
9.600000000000000000e+01 3.900000000000000000e+02 1.000000000000000000e+00
1.220000000000000000e+02 4.360000000000000000e+02 1.000000000000000000e+00
1.630000000000000000e+02 4.710000000000000000e+02 1.000000000000000000e+00
2.060000000000000000e+02 4.940000000000000000e+02 1.000000000000000000e+00
2.510000000000000000e+02 5.040000000000000000e+02 1.000000000000000000e+00
2.910000000000000000e+02 5.010000000000000000e+02 1.000000000000000000e+00
3.370000000000000000e+02 4.770000000000000000e+02 1.000000000000000000e+00
3.740000000000000000e+02 4.450000000000000000e+02 1.000000000000000000e+00
4.100000000000000000e+02 4.090000000000000000e+02 1.000000000000000000e+00
4.320000000000000000e+02 3.600000000000000000e+02 1.000000000000000000e+00
4.460000000000000000e+02 3.040000000000000000e+02 1.000000000000000000e+00
4.510000000000000000e+02 2.500000000000000000e+02 1.000000000000000000e+00
4.660000000000000000e+02 1.790000000000000000e+02 1.000000000000000000e+00
1.040000000000000000e+02 1.710000000000000000e+02 1.000000000000000000e+00
1.290000000000000000e+02 1.660000000000000000e+02 1.000000000000000000e+00
1.530000000000000000e+02 1.630000000000000000e+02 1.000000000000000000e+00
1.770000000000000000e+02 1.620000000000000000e+02 1.000000000000000000e+00
2.010000000000000000e+02 1.660000000000000000e+02 1.000000000000000000e+00
3.090000000000000000e+02 1.640000000000000000e+02 1.000000000000000000e+00
3.330000000000000000e+02 1.630000000000000000e+02 1.000000000000000000e+00
3.570000000000000000e+02 1.620000000000000000e+02 1.000000000000000000e+00
3.790000000000000000e+02 1.660000000000000000e+02 1.000000000000000000e+00
3.990000000000000000e+02 1.750000000000000000e+02 1.000000000000000000e+00
2.540000000000000000e+02 2.100000000000000000e+02 1.000000000000000000e+00
2.530000000000000000e+02 2.530000000000000000e+02 1.000000000000000000e+00
2.530000000000000000e+02 2.880000000000000000e+02 1.000000000000000000e+00
2.530000000000000000e+02 3.270000000000000000e+02 1.000000000000000000e+00
2.250000000000000000e+02 3.330000000000000000e+02 1.000000000000000000e+00
2.320000000000000000e+02 3.460000000000000000e+02 1.000000000000000000e+00
2.500000000000000000e+02 3.510000000000000000e+02 1.000000000000000000e+00
2.680000000000000000e+02 3.500000000000000000e+02 1.000000000000000000e+00
2.820000000000000000e+02 3.320000000000000000e+02 1.000000000000000000e+00
1.330000000000000000e+02 2.290000000000000000e+02 1.000000000000000000e+00
1.720000000000000000e+02 2.130000000000000000e+02 1.000000000000000000e+00
2.120000000000000000e+02 2.270000000000000000e+02 1.000000000000000000e+00
2.050000000000000000e+02 2.610000000000000000e+02 1.000000000000000000e+00
1.760000000000000000e+02 2.720000000000000000e+02 1.000000000000000000e+00
1.430000000000000000e+02 2.590000000000000000e+02 1.000000000000000000e+00
2.990000000000000000e+02 2.320000000000000000e+02 1.000000000000000000e+00
3.300000000000000000e+02 2.100000000000000000e+02 1.000000000000000000e+00
3.640000000000000000e+02 2.160000000000000000e+02 1.000000000000000000e+00
3.790000000000000000e+02 2.470000000000000000e+02 1.000000000000000000e+00
3.460000000000000000e+02 2.690000000000000000e+02 1.000000000000000000e+00
3.090000000000000000e+02 2.600000000000000000e+02 1.000000000000000000e+00
1.940000000000000000e+02 3.980000000000000000e+02 1.000000000000000000e+00
2.110000000000000000e+02 3.880000000000000000e+02 1.000000000000000000e+00
2.350000000000000000e+02 3.870000000000000000e+02 1.000000000000000000e+00
2.520000000000000000e+02 3.870000000000000000e+02 1.000000000000000000e+00
2.750000000000000000e+02 3.860000000000000000e+02 1.000000000000000000e+00
2.930000000000000000e+02 3.870000000000000000e+02 1.000000000000000000e+00
3.180000000000000000e+02 3.980000000000000000e+02 1.000000000000000000e+00
3.010000000000000000e+02 4.310000000000000000e+02 1.000000000000000000e+00
2.770000000000000000e+02 4.380000000000000000e+02 1.000000000000000000e+00
2.490000000000000000e+02 4.370000000000000000e+02 1.000000000000000000e+00
2.240000000000000000e+02 4.360000000000000000e+02 1.000000000000000000e+00
2.040000000000000000e+02 4.200000000000000000e+02 1.000000000000000000e+00
2.080000000000000000e+02 4.040000000000000000e+02 1.000000000000000000e+00
2.290000000000000000e+02 4.020000000000000000e+02 1.000000000000000000e+00
2.530000000000000000e+02 4.020000000000000000e+02 1.000000000000000000e+00
2.830000000000000000e+02 4.020000000000000000e+02 1.000000000000000000e+00
3.040000000000000000e+02 4.030000000000000000e+02 1.000000000000000000e+00
2.940000000000000000e+02 4.240000000000000000e+02 1.000000000000000000e+00
2.630000000000000000e+02 4.310000000000000000e+02 1.000000000000000000e+00
2.240000000000000000e+02 4.250000000000000000e+02 1.000000000000000000e+00
