-0.8000 0.0057 -0.8557
-0.7352 0.1962 -0.8711
-0.7162 0.4057 -0.8871
-0.6781 0.6076 -0.8835
-0.6095 0.7981 -0.8138
-0.5105 0.9733 -0.6631
-0.3543 1.1067 -0.4768
-0.1905 1.1943 -0.2967
-0.0190 1.2324 -0.2114
0.1333 1.2210 -0.3033
0.3086 1.1295 -0.4839
0.4495 1.0076 -0.6684
0.5867 0.8705 -0.8159
0.6705 0.6838 -0.8807
0.7238 0.4705 -0.8824
0.7429 0.2648 -0.8666
0.8000 -0.0057 -0.8501
-0.5790 -0.0362 -0.0738
-0.4838 -0.0552 0.0527
-0.3924 -0.0667 0.1346
-0.3010 -0.0705 0.1808
-0.2095 -0.0552 0.1918
0.2019 -0.0629 0.1986
0.2933 -0.0667 0.1886
0.3848 -0.0705 0.1452
0.4686 -0.0552 0.0664
0.5448 -0.0210 -0.0619
-0.0076 0.1124 0.1415
-0.0114 0.2762 0.2018
-0.0114 0.4095 0.2893
-0.0114 0.5581 0.2894
-0.1181 0.5810 0.0735
-0.0914 0.6305 0.1024
-0.0229 0.6495 0.1173
0.0457 0.6457 0.1016
0.0990 0.5771 0.0713
-0.4686 0.1848 -0.0058
-0.3200 0.1238 0.0834
-0.1676 0.1771 0.0888
-0.1943 0.3067 0.0487
-0.3048 0.3486 0.0764
-0.4305 0.2990 0.0570
0.1638 0.1962 0.0574
0.2819 0.1124 0.0997
0.4114 0.1352 0.0966
0.4686 0.2533 0.0058
0.3429 0.3371 0.0661
0.2019 0.3029 0.0849
-0.2362 0.8286 -0.1399
-0.1714 0.7905 0.0106
-0.0800 0.7867 0.1013
-0.0152 0.7867 0.1112
0.0724 0.7829 0.1024
0.1410 0.7867 0.0080
0.2362 0.8286 -0.1486
0.1714 0.9543 -0.0193
0.0800 0.9810 0.0498
-0.0267 0.9771 0.0609
-0.1219 0.9733 0.0515
-0.1981 0.9124 -0.0166
-0.1829 0.8514 -0.1429
-0.1029 0.8438 0.0396
-0.0114 0.8438 0.0642
0.1029 0.8438 0.0391
0.1829 0.8476 -0.1528
0.1448 0.9276 0.0391
0.0267 0.9543 0.0642
-0.1219 0.9314 0.0396
