2 58 1
58 2 59
1 58 0
28 39 38
39 28 29
0 58 57
1 0 17
41 3 2
3 41 40
2 1 36
10 53 11
53 10 9
3 59 2
59 3 4
5 48 6
48 5 4
4 60 59
60 4 5
4 3 31
48 31 32
31 48 4
60 5 6
13 35 46
35 13 52
60 7 61
7 60 6
31 29 30
29 31 39
61 7 8
7 6 55
28 47 29
47 28 42
8 7 55
9 62 61
62 9 10
8 9 61
9 8 54
62 10 11
37 19 20
19 37 18
62 11 12
37 20 21
62 13 63
13 62 12
12 11 52
36 1 17
63 13 14
13 12 52
36 18 37
18 36 17
15 63 14
63 15 16
14 13 46
15 14 45
31 40 39
40 31 3
64 63 16
16 15 26
37 39 40
39 37 38
17 0 57
17 57 65
46 43 44
43 46 47
18 17 65
65 57 56
42 22 43
22 42 27
19 18 65
21 22 27
22 21 66
20 19 65
22 66 23
27 42 28
21 20 66
46 44 45
43 23 24
23 43 22
20 65 66
67 23 66
23 67 24
67 26 25
26 67 16
67 25 24
24 25 44
16 67 64
43 24 44
26 15 45
25 26 44
35 30 29
30 35 34
21 27 38
27 28 38
34 52 51
52 34 35
49 32 33
32 49 48
8 55 54
49 33 50
31 30 32
55 49 50
49 55 48
32 30 33
55 50 54
33 30 34
52 11 53
33 34 50
14 46 45
35 29 47
2 36 41
36 37 41
37 21 38
37 40 41
35 47 46
42 43 47
26 45 44
6 48 55
9 54 53
51 54 50
54 51 53
50 34 51
51 52 53