-0.8000 -0.0884 -0.8557
-0.8082 0.1049 -0.8711
-0.7589 0.2900 -0.8871
-0.7177 0.3763 -0.8835
-0.6848 0.5779 -0.8138
-0.6478 0.6889 -0.6631
-0.4751 0.8576 -0.4768
-0.2817 0.9769 -0.2967
-0.0679 1.0715 -0.2114
0.1789 0.9769 -0.3033
0.3681 0.9069 -0.4839
0.5039 0.7712 -0.6684
0.5943 0.5861 -0.8159
0.6602 0.4175 -0.8807
0.7301 0.3064 -0.8824
0.7877 0.1871 -0.8666
0.8000 0.0884 -0.8501
-0.7424 0.1213 -0.0738
-0.6314 0.0021 0.0527
-0.5080 -0.0432 0.1346
-0.4093 -0.0267 0.1808
-0.3352 0.0226 0.1918
0.2283 0.0761 0.1986
0.3023 -0.0062 0.1886
0.4422 -0.0267 0.1452
0.5326 0.0350 0.0664
0.6149 0.1213 -0.0619
0.0185 0.0843 0.1415
0.0185 0.1501 0.2018
0.0103 0.2159 0.2893
0.0021 0.3393 0.2894
-0.0555 0.3640 0.0735
-0.0596 0.4463 0.1024
-0.0103 0.5203 0.1173
0.0473 0.4545 0.1016
0.0473 0.3805 0.0713
-0.6272 0.1913 -0.0058
-0.5697 0.0103 0.0834
-0.4257 0.0144 0.0888
-0.3229 0.1625 0.0487
-0.3805 0.3476 0.0764
-0.5203 0.3640 0.0570
0.2406 0.3064 0.0574
0.2365 0.1296 0.0997
0.3517 0.0144 0.0966
0.4874 0.0473 0.0058
0.5203 0.2365 0.0661
0.4010 0.3887 0.0849
-0.2201 0.6807 -0.1399
-0.1542 0.6231 0.0106
-0.0720 0.6149 0.1013
-0.0021 0.6108 0.1112
0.0761 0.6231 0.1024
0.1131 0.6478 0.0080
0.1542 0.6931 -0.1486
0.1296 0.7548 -0.0193
0.0843 0.8206 0.0498
-0.0267 0.8411 0.0609
-0.1542 0.8082 0.0515
-0.2118 0.7506 -0.0166
-0.1913 0.7095 -0.1429
-0.1049 0.6478 0.0396
-0.0103 0.6437 0.0642
0.1131 0.6972 0.0391
0.1008 0.7383 -0.1528
0.0679 0.7959 0.0391
-0.0226 0.8041 0.0642
-0.1254 0.7794 0.0396
