58 57 0
0 57 65
1 17 2
17 1 0
1 58 0
58 1 2
2 17 36
58 2 59
29 31 39
31 29 30
59 2 3
3 2 36
48 5 40
5 48 6
4 59 3
59 4 5
4 3 41
38 19 20
19 38 37
5 60 59
60 5 6
5 4 41
8 55 54
55 8 7
60 6 7
40 31 32
31 40 39
7 61 60
61 7 8
7 6 48
61 10 62
10 61 9
29 43 42
43 29 28
8 9 61
9 8 54
28 22 43
22 28 27
10 9 52
62 10 11
62 12 13
12 62 11
11 10 51
36 38 39
38 36 37
13 63 62
63 13 14
12 11 47
28 39 27
39 28 29
13 12 47
27 39 21
63 14 15
14 13 46
46 45 26
45 46 44
15 14 26
45 24 25
24 45 44
63 15 16
16 15 26
65 19 0
19 65 20
64 63 16
17 0 18
36 17 18
34 42 47
42 34 35
18 0 19
66 27 21
27 66 23
18 19 37
66 21 20
22 23 44
23 22 27
20 21 38
35 29 42
29 35 30
47 11 51
22 44 43
26 45 25
25 16 26
16 25 24
66 20 65
65 57 56
16 24 64
23 24 44
24 23 67
14 46 26
51 34 47
34 51 33
41 39 40
39 41 36
32 34 33
34 32 35
48 40 49
35 32 31
31 30 35
40 5 41
36 41 3
49 40 32
54 52 53
52 54 50
10 52 51
32 33 49
33 51 50
39 38 21
36 18 37
13 47 46
43 46 42
46 43 44
42 46 47
7 48 55
48 49 55
49 33 50
50 54 49
52 50 51
52 9 53
53 9 54
49 54 55
67 23 66
64 24 67