6.900000000000000000e+01 1.980000000000000000e+02 1.000000000000000000e+00
6.700000000000000000e+01 2.450000000000000000e+02 1.000000000000000000e+00
7.900000000000000000e+01 2.900000000000000000e+02 1.000000000000000000e+00
8.900000000000000000e+01 3.110000000000000000e+02 1.000000000000000000e+00
9.700000000000000000e+01 3.600000000000000000e+02 1.000000000000000000e+00
1.060000000000000000e+02 3.870000000000000000e+02 1.000000000000000000e+00
1.480000000000000000e+02 4.280000000000000000e+02 1.000000000000000000e+00
1.950000000000000000e+02 4.570000000000000000e+02 1.000000000000000000e+00
2.470000000000000000e+02 4.800000000000000000e+02 1.000000000000000000e+00
3.070000000000000000e+02 4.570000000000000000e+02 1.000000000000000000e+00
3.530000000000000000e+02 4.400000000000000000e+02 1.000000000000000000e+00
3.860000000000000000e+02 4.070000000000000000e+02 1.000000000000000000e+00
4.080000000000000000e+02 3.620000000000000000e+02 1.000000000000000000e+00
4.240000000000000000e+02 3.210000000000000000e+02 1.000000000000000000e+00
4.410000000000000000e+02 2.940000000000000000e+02 1.000000000000000000e+00
4.550000000000000000e+02 2.650000000000000000e+02 1.000000000000000000e+00
4.580000000000000000e+02 2.410000000000000000e+02 1.000000000000000000e+00
8.300000000000000000e+01 2.490000000000000000e+02 1.000000000000000000e+00
1.100000000000000000e+02 2.200000000000000000e+02 1.000000000000000000e+00
1.400000000000000000e+02 2.090000000000000000e+02 1.000000000000000000e+00
1.640000000000000000e+02 2.130000000000000000e+02 1.000000000000000000e+00
1.820000000000000000e+02 2.250000000000000000e+02 1.000000000000000000e+00
3.190000000000000000e+02 2.380000000000000000e+02 1.000000000000000000e+00
3.370000000000000000e+02 2.180000000000000000e+02 1.000000000000000000e+00
3.710000000000000000e+02 2.130000000000000000e+02 1.000000000000000000e+00
3.930000000000000000e+02 2.280000000000000000e+02 1.000000000000000000e+00
4.130000000000000000e+02 2.490000000000000000e+02 1.000000000000000000e+00
2.680000000000000000e+02 2.400000000000000000e+02 1.000000000000000000e+00
2.680000000000000000e+02 2.560000000000000000e+02 1.000000000000000000e+00
2.660000000000000000e+02 2.720000000000000000e+02 1.000000000000000000e+00
2.640000000000000000e+02 3.020000000000000000e+02 1.000000000000000000e+00
2.500000000000000000e+02 3.080000000000000000e+02 1.000000000000000000e+00
2.490000000000000000e+02 3.280000000000000000e+02 1.000000000000000000e+00
2.610000000000000000e+02 3.460000000000000000e+02 1.000000000000000000e+00
2.750000000000000000e+02 3.300000000000000000e+02 1.000000000000000000e+00
2.750000000000000000e+02 3.120000000000000000e+02 1.000000000000000000e+00
1.110000000000000000e+02 2.660000000000000000e+02 1.000000000000000000e+00
1.250000000000000000e+02 2.220000000000000000e+02 1.000000000000000000e+00
1.600000000000000000e+02 2.230000000000000000e+02 1.000000000000000000e+00
1.850000000000000000e+02 2.590000000000000000e+02 1.000000000000000000e+00
1.710000000000000000e+02 3.040000000000000000e+02 1.000000000000000000e+00
1.370000000000000000e+02 3.080000000000000000e+02 1.000000000000000000e+00
3.220000000000000000e+02 2.940000000000000000e+02 1.000000000000000000e+00
3.210000000000000000e+02 2.510000000000000000e+02 1.000000000000000000e+00
3.490000000000000000e+02 2.230000000000000000e+02 1.000000000000000000e+00
3.820000000000000000e+02 2.310000000000000000e+02 1.000000000000000000e+00
3.900000000000000000e+02 2.770000000000000000e+02 1.000000000000000000e+00
3.610000000000000000e+02 3.140000000000000000e+02 1.000000000000000000e+00
2.100000000000000000e+02 3.850000000000000000e+02 1.000000000000000000e+00
2.260000000000000000e+02 3.710000000000000000e+02 1.000000000000000000e+00
2.460000000000000000e+02 3.690000000000000000e+02 1.000000000000000000e+00
2.630000000000000000e+02 3.680000000000000000e+02 1.000000000000000000e+00
2.820000000000000000e+02 3.710000000000000000e+02 1.000000000000000000e+00
2.910000000000000000e+02 3.770000000000000000e+02 1.000000000000000000e+00
3.010000000000000000e+02 3.880000000000000000e+02 1.000000000000000000e+00
2.950000000000000000e+02 4.030000000000000000e+02 1.000000000000000000e+00
2.840000000000000000e+02 4.190000000000000000e+02 1.000000000000000000e+00
2.570000000000000000e+02 4.240000000000000000e+02 1.000000000000000000e+00
2.260000000000000000e+02 4.160000000000000000e+02 1.000000000000000000e+00
2.120000000000000000e+02 4.020000000000000000e+02 1.000000000000000000e+00
2.170000000000000000e+02 3.920000000000000000e+02 1.000000000000000000e+00
2.380000000000000000e+02 3.770000000000000000e+02 1.000000000000000000e+00
2.610000000000000000e+02 3.760000000000000000e+02 1.000000000000000000e+00
2.910000000000000000e+02 3.890000000000000000e+02 1.000000000000000000e+00
2.880000000000000000e+02 3.990000000000000000e+02 1.000000000000000000e+00
2.800000000000000000e+02 4.130000000000000000e+02 1.000000000000000000e+00
2.580000000000000000e+02 4.150000000000000000e+02 1.000000000000000000e+00
2.330000000000000000e+02 4.090000000000000000e+02 1.000000000000000000e+00
