17 1 0
1 17 36
58 57 0
0 57 17
36 17 37
2 58 1
58 2 59
0 1 58
29 31 39
31 29 30
2 1 36
20 37 19
37 20 21
3 59 2
59 3 4
3 2 41
37 17 18
4 60 59
60 4 5
4 3 40
3 41 40
60 5 6
5 4 40
19 37 18
6 61 60
61 6 7
6 5 48
47 11 52
11 47 12
61 7 8
7 6 48
29 43 42
43 29 28
8 7 55
35 30 29
30 35 33
61 10 62
10 61 9
8 9 61
9 8 54
62 10 11
10 9 53
62 12 13
12 62 11
11 10 52
38 28 29
28 38 27
62 13 63
36 38 39
38 36 37
63 13 14
13 12 47
27 38 21
63 14 15
14 13 46
39 41 36
41 39 40
63 15 16
15 14 45
64 63 16
16 15 26
23 67 24
67 23 66
17 57 18
52 10 53
18 57 65
15 45 26
65 57 56
22 43 27
43 22 44
19 18 65
43 28 27
20 19 65
20 65 21
21 65 66
44 25 26
25 44 24
21 22 27
22 21 66
22 23 44
23 22 66
24 44 23
67 25 24
25 67 64
45 43 44
43 45 42
64 16 26
64 26 25
35 52 34
52 35 47
34 52 51
31 48 39
48 31 32
33 50 49
50 33 51
7 48 55
33 31 30
31 33 32
49 32 33
32 49 48
39 48 40
48 5 40
54 55 49
55 54 8
54 49 50
54 51 53
51 54 50
47 35 42
33 34 51
34 33 35
13 47 46
35 29 42
2 36 41
21 38 37
38 29 39
14 46 45
44 26 45
42 45 46
42 46 47
48 49 55
9 54 53
51 52 53