5.300000000000000000e+01 2.100000000000000000e+02 1.000000000000000000e+00
5.800000000000000000e+01 2.550000000000000000e+02 1.000000000000000000e+00
7.100000000000000000e+01 3.000000000000000000e+02 1.000000000000000000e+00
8.200000000000000000e+01 3.420000000000000000e+02 1.000000000000000000e+00
1.060000000000000000e+02 3.820000000000000000e+02 1.000000000000000000e+00
1.360000000000000000e+02 4.110000000000000000e+02 1.000000000000000000e+00
1.770000000000000000e+02 4.280000000000000000e+02 1.000000000000000000e+00
2.180000000000000000e+02 4.380000000000000000e+02 1.000000000000000000e+00
2.560000000000000000e+02 4.420000000000000000e+02 1.000000000000000000e+00
2.950000000000000000e+02 4.360000000000000000e+02 1.000000000000000000e+00
3.330000000000000000e+02 4.270000000000000000e+02 1.000000000000000000e+00
3.720000000000000000e+02 4.100000000000000000e+02 1.000000000000000000e+00
4.040000000000000000e+02 3.770000000000000000e+02 1.000000000000000000e+00
4.180000000000000000e+02 3.440000000000000000e+02 1.000000000000000000e+00
4.360000000000000000e+02 2.950000000000000000e+02 1.000000000000000000e+00
4.400000000000000000e+02 2.510000000000000000e+02 1.000000000000000000e+00
4.410000000000000000e+02 2.090000000000000000e+02 1.000000000000000000e+00
9.400000000000000000e+01 2.020000000000000000e+02 1.000000000000000000e+00
1.200000000000000000e+02 1.860000000000000000e+02 1.000000000000000000e+00
1.430000000000000000e+02 1.820000000000000000e+02 1.000000000000000000e+00
1.660000000000000000e+02 1.790000000000000000e+02 1.000000000000000000e+00
1.850000000000000000e+02 1.810000000000000000e+02 1.000000000000000000e+00
3.150000000000000000e+02 1.760000000000000000e+02 1.000000000000000000e+00
3.360000000000000000e+02 1.730000000000000000e+02 1.000000000000000000e+00
3.590000000000000000e+02 1.730000000000000000e+02 1.000000000000000000e+00
3.770000000000000000e+02 1.770000000000000000e+02 1.000000000000000000e+00
3.940000000000000000e+02 1.890000000000000000e+02 1.000000000000000000e+00
2.550000000000000000e+02 2.320000000000000000e+02 1.000000000000000000e+00
2.550000000000000000e+02 2.560000000000000000e+02 1.000000000000000000e+00
2.550000000000000000e+02 2.830000000000000000e+02 1.000000000000000000e+00
2.550000000000000000e+02 3.110000000000000000e+02 1.000000000000000000e+00
2.370000000000000000e+02 3.250000000000000000e+02 1.000000000000000000e+00
2.400000000000000000e+02 3.380000000000000000e+02 1.000000000000000000e+00
2.560000000000000000e+02 3.430000000000000000e+02 1.000000000000000000e+00
2.710000000000000000e+02 3.380000000000000000e+02 1.000000000000000000e+00
2.730000000000000000e+02 3.260000000000000000e+02 1.000000000000000000e+00
1.340000000000000000e+02 2.620000000000000000e+02 1.000000000000000000e+00
1.530000000000000000e+02 2.430000000000000000e+02 1.000000000000000000e+00
1.700000000000000000e+02 2.590000000000000000e+02 1.000000000000000000e+00
1.720000000000000000e+02 3.010000000000000000e+02 1.000000000000000000e+00
1.550000000000000000e+02 3.190000000000000000e+02 1.000000000000000000e+00
1.360000000000000000e+02 3.030000000000000000e+02 1.000000000000000000e+00
3.400000000000000000e+02 2.940000000000000000e+02 1.000000000000000000e+00
3.410000000000000000e+02 2.590000000000000000e+02 1.000000000000000000e+00
3.590000000000000000e+02 2.390000000000000000e+02 1.000000000000000000e+00
3.770000000000000000e+02 2.630000000000000000e+02 1.000000000000000000e+00
3.760000000000000000e+02 2.960000000000000000e+02 1.000000000000000000e+00
3.580000000000000000e+02 3.150000000000000000e+02 1.000000000000000000e+00
1.900000000000000000e+02 3.690000000000000000e+02 1.000000000000000000e+00
2.180000000000000000e+02 3.650000000000000000e+02 1.000000000000000000e+00
2.380000000000000000e+02 3.630000000000000000e+02 1.000000000000000000e+00
2.600000000000000000e+02 3.620000000000000000e+02 1.000000000000000000e+00
2.810000000000000000e+02 3.630000000000000000e+02 1.000000000000000000e+00
3.010000000000000000e+02 3.640000000000000000e+02 1.000000000000000000e+00
3.210000000000000000e+02 3.670000000000000000e+02 1.000000000000000000e+00
2.980000000000000000e+02 3.910000000000000000e+02 1.000000000000000000e+00
2.780000000000000000e+02 4.020000000000000000e+02 1.000000000000000000e+00
2.600000000000000000e+02 4.070000000000000000e+02 1.000000000000000000e+00
2.360000000000000000e+02 4.040000000000000000e+02 1.000000000000000000e+00
2.120000000000000000e+02 3.940000000000000000e+02 1.000000000000000000e+00
2.110000000000000000e+02 3.760000000000000000e+02 1.000000000000000000e+00
2.380000000000000000e+02 3.750000000000000000e+02 1.000000000000000000e+00
2.590000000000000000e+02 3.760000000000000000e+02 1.000000000000000000e+00
2.810000000000000000e+02 3.740000000000000000e+02 1.000000000000000000e+00
3.020000000000000000e+02 3.750000000000000000e+02 1.000000000000000000e+00
2.880000000000000000e+02 3.840000000000000000e+02 1.000000000000000000e+00
2.590000000000000000e+02 3.870000000000000000e+02 1.000000000000000000e+00
2.270000000000000000e+02 3.840000000000000000e+02 1.000000000000000000e+00
