-0.8000 0.0021 -0.8557
-0.7794 0.1876 -0.8711
-0.7258 0.3732 -0.8871
-0.6804 0.5464 -0.8835
-0.5814 0.7113 -0.8138
-0.4577 0.8309 -0.6631
-0.2887 0.9010 -0.4768
-0.1196 0.9423 -0.2967
0.0371 0.9588 -0.2114
0.1979 0.9340 -0.3033
0.3546 0.8969 -0.4839
0.5155 0.8268 -0.6684
0.6474 0.6907 -0.8159
0.7052 0.5546 -0.8807
0.7794 0.3526 -0.8824
0.7959 0.1711 -0.8666
0.8000 -0.0021 -0.8501
-0.6309 -0.0309 -0.0738
-0.5237 -0.0969 0.0527
-0.4289 -0.1134 0.1346
-0.3340 -0.1258 0.1808
-0.2557 -0.1175 0.1918
0.2804 -0.1381 0.1986
0.3670 -0.1505 0.1886
0.4619 -0.1505 0.1452
0.5361 -0.1340 0.0664
0.6062 -0.0845 -0.0619
0.0330 0.0928 0.1415
0.0330 0.1918 0.2018
0.0330 0.3031 0.2893
0.0330 0.4186 0.2894
-0.0412 0.4763 0.0735
-0.0289 0.5299 0.1024
0.0371 0.5505 0.1173
0.0990 0.5299 0.1016
0.1072 0.4804 0.0713
-0.4660 0.2165 -0.0058
-0.3876 0.1381 0.0834
-0.3175 0.2041 0.0888
-0.3093 0.3773 0.0487
-0.3794 0.4515 0.0764
-0.4577 0.3856 0.0570
0.3835 0.3485 0.0574
0.3876 0.2041 0.0997
0.4619 0.1216 0.0966
0.5361 0.2206 0.0058
0.5320 0.3567 0.0661
0.4577 0.4351 0.0849
-0.2351 0.6577 -0.1399
-0.1196 0.6412 0.0106
-0.0371 0.6330 0.1013
0.0536 0.6289 0.1112
0.1402 0.6330 0.1024
0.2227 0.6371 0.0080
0.3052 0.6495 -0.1486
0.2103 0.7485 -0.0193
0.1278 0.7938 0.0498
0.0536 0.8144 0.0609
-0.0454 0.8021 0.0515
-0.1443 0.7608 -0.0166
-0.1485 0.6866 -0.1429
-0.0371 0.6825 0.0396
0.0495 0.6866 0.0642
0.1402 0.6784 0.0391
0.2268 0.6825 -0.1528
0.1691 0.7196 0.0391
0.0495 0.7320 0.0642
-0.0825 0.7196 0.0396
